$ 1 0.000005 10.20027730826997 50 5 50 5e-11
w 176 -480 176 -416 0
w 96 -416 96 -480 0
w 64 -416 64 -464 0
w 0 -416 0 -480 0
w -96 -416 -96 -480 0
w -32 -416 -32 -464 0
w -128 -464 -128 -416 0
I 176 -416 176 -320 0 0.5 5
154 80 -416 80 -320 0 2 0 5
152 -16 -416 -16 -320 0 2 0 5
150 -112 -416 -112 -320 0 2 0 5
w 96 -480 176 -480 0
w 0 -480 96 -480 0
w -96 -480 0 -480 0
w -32 -464 64 -464 0
w -128 -464 -32 -464 0
w -176 -464 -32 -464 0
w -160 -480 -96 -480 0
L -160 -480 -160 -496 2 0 false 5 0
L -176 -464 -176 -496 2 0 false 5 0
L -288 -464 -288 -496 2 0 false 5 0
L -272 -480 -272 -496 2 0 false 5 0
184 512 -352 624 -352 0 2
w -112 -320 -112 -288 0
w -112 -288 400 -288 0
w 400 -288 400 -352 0
w 400 -352 512 -352 0
w -16 -320 528 -320 0
w 528 -320 512 -320 0
w 80 -320 80 -272 0
w 80 -272 80 -256 0
w 80 -256 448 -256 0
w 448 -256 448 -288 0
w 448 -288 512 -288 0
w 176 -320 176 -224 0
w 176 -224 496 -224 0
w 496 -224 496 -256 0
w 496 -256 512 -256 0
w -288 -464 -288 -160 0
w -288 -160 608 -160 0
w 608 -160 608 -192 0
w -272 -480 -272 -192 0
w -272 -192 576 -192 0
M 640 -352 672 -352 2 2.5
