$ 1 0.000005 10.20027730826997 50 5 50 5e-11
152 432 208 560 208 0 2 0 5
150 304 224 432 224 0 2 0 5
150 112 176 256 176 0 2 0 5
w 560 64 592 64 0
w 448 64 560 64 0
w 288 208 288 80 0
w 304 240 256 240 0
w 432 176 432 192 0
w 96 192 96 96 0
w 112 192 96 192 0
w 64 64 128 64 0
w 64 160 64 64 0
w 112 160 64 160 0
w 96 96 128 96 0
w 256 176 432 176 0
w 256 240 256 48 0
w 256 32 256 -80 0
w 256 48 256 32 0
w 320 48 256 48 0
w 304 208 288 208 0
w 288 80 320 80 0
w 256 80 288 80 0
154 320 64 448 64 0 2 0 5
154 128 80 256 80 0 2 0 5
w 560 208 560 272 0
w 560 272 256 272 0
154 128 336 256 336 0 2 5 5
154 320 320 448 320 0 2 5 5
w 256 336 288 336 0
w 288 336 320 336 0
w 304 464 288 464 0
w 320 304 256 304 0
w 256 304 256 272 0
w 256 496 256 304 0
w 256 432 432 432 0
w 96 352 128 352 0
w 112 416 64 416 0
w 64 416 64 320 0
w 64 320 128 320 0
w 112 448 96 448 0
w 96 448 96 352 0
w 432 432 432 448 0
w 304 496 256 496 0
w 288 464 288 336 0
w 448 320 560 320 0
w 560 320 592 320 0
150 112 432 256 432 0 2 0 5
150 304 480 432 480 0 2 0 5
152 432 464 560 464 0 2 0 5
152 432 720 560 720 0 2 0 5
150 304 736 432 736 0 2 0 5
150 112 688 256 688 0 2 0 5
w 560 576 592 576 0
w 448 576 560 576 0
w 288 720 288 592 0
w 304 752 256 752 0
w 432 688 432 704 0
w 96 704 96 608 0
w 112 704 96 704 0
w 64 576 128 576 0
w 64 672 64 576 0
w 112 672 64 672 0
w 96 608 128 608 0
w 256 688 432 688 0
w 256 752 256 560 0
w 256 560 256 528 0
w 320 560 256 560 0
w 304 720 288 720 0
w 288 592 320 592 0
w 256 592 288 592 0
154 320 576 448 576 0 2 5 5
154 128 592 256 592 0 2 5 5
w 560 528 256 528 0
w 560 464 560 528 0
150 112 -80 256 -80 0 2 0 5
w 96 -64 96 -160 0
w 112 -64 96 -64 0
L -32 -224 -32 -256 2 1 false 5 0
w 64 -192 128 -192 0
w 64 -96 64 -192 0
w 112 -96 64 -96 0
w 96 -160 128 -160 0
154 128 -176 256 -176 0 2 5 5
w 256 -176 560 -176 0
w 560 -176 592 -176 0
w 560 720 560 800 0
L -48 -224 -48 -256 2 0 false 5 0
L -16 -224 -16 -256 2 0 false 5 0
L 0 -224 0 -256 2 1 false 5 0
w 96 -160 0 -160 0
w 0 -160 0 -224 0
w 96 96 -16 96 0
w -16 96 -16 -224 0
w -32 -224 -32 352 0
w -32 352 96 352 0
w 96 608 -48 608 0
w -48 608 -48 -224 0
w -144 576 -144 -224 0
w 64 576 -144 576 0
w -128 320 64 320 0
w -128 -224 -128 320 0
w -112 64 -112 -224 0
w 64 64 -112 64 0
w -96 -192 -96 -224 0
w 64 -192 -96 -192 0
L -96 -224 -96 -256 2 0 false 5 0
L -112 -224 -112 -256 2 0 false 5 0
L -144 -224 -144 -256 2 1 false 5 0
L -128 -224 -128 -256 2 0 false 5 0
w 688 720 688 -176 0
w 592 -176 688 -176 0
w 672 720 672 64 0
w 672 64 592 64 0
w 656 720 656 320 0
w 656 320 592 320 0
w 640 720 640 576 0
w 640 576 592 576 0
M 640 720 640 752 2 2.5
M 656 720 656 752 2 2.5
M 672 720 672 752 2 2.5
M 688 720 688 752 2 2.5
L -208 -208 -208 -240 2 1 false 5 0
w -208 -208 -208 848 0
154 48 864 288 864 0 2 5 5
150 112 992 224 992 0 2 0 5
L -64 880 -64 -272 2 0 false 5 0
w -64 880 48 880 0
w -208 848 48 848 0
w 48 880 96 880 0
w 96 880 96 1008 0
w 96 1008 112 1008 0
w 48 848 48 976 0
w 48 976 112 976 0
w 224 992 448 992 0
w 560 800 256 800 0
154 288 848 416 848 0 2 5 5
w 256 800 256 832 0
w 288 832 256 832 0
w 256 832 256 1056 0
w 288 864 288 1040 0
w 256 1056 256 1072 0
150 288 1056 416 1056 0 2 0 5
w 256 1072 288 1072 0
w 416 848 624 848 0
w 448 992 448 1008 0
w 416 1056 448 1056 0
152 448 1040 576 1040 0 2 0 5
w 448 1024 448 1008 0
w 576 1040 576 1136 0
M 576 1136 448 1136 2 2.5
M 624 848 624 752 2 2.5
