$ 1 0.000005 10.20027730826997 50 5 50 5e-11
M 624 1104 624 1008 2 2.5
M 576 1392 448 1392 2 2.5
w 576 1296 576 1392 0
w 448 1280 448 1264 0
152 448 1296 576 1296 0 2 0 5
w 416 1312 448 1312 0
w 448 1248 448 1264 0
w 416 1104 624 1104 0
w 256 1328 288 1328 0
150 288 1312 416 1312 0 2 0 5
w 256 1312 256 1328 0
w 288 1120 288 1296 0
w 256 1088 256 1312 0
w 288 1088 256 1088 0
w 256 1056 256 1088 0
154 288 1104 416 1104 0 2 5 5
w 560 1056 256 1056 0
w 224 1248 448 1248 0
w 48 1232 112 1232 0
w 48 1104 48 1232 0
w 96 1264 112 1264 0
w 96 1136 96 1264 0
w 48 1136 96 1136 0
w -208 1104 48 1104 0
w -64 1136 48 1136 0
150 112 1248 224 1248 0 2 0 5
154 48 1120 288 1120 0 2 5 5
w -208 48 -208 1104 0
L -208 48 -208 16 2 0 false 5 0
M 688 976 688 1008 2 2.5
M 672 976 672 1008 2 2.5
M 656 976 656 1008 2 2.5
M 640 976 640 1008 2 2.5
w 640 832 592 832 0
w 640 976 640 832 0
w 656 576 592 576 0
w 656 976 656 576 0
w 672 320 592 320 0
w 672 976 672 320 0
w 592 80 688 80 0
w 688 976 688 80 0
L -128 32 -128 0 2 0 false 5 0
L -144 32 -144 0 2 0 false 5 0
L -112 32 -112 0 2 0 false 5 0
L -96 32 -96 0 2 1 false 5 0
w 64 64 -96 64 0
w -96 64 -96 32 0
w 64 320 -112 320 0
w -112 320 -112 32 0
w -128 32 -128 576 0
w -128 576 64 576 0
w 64 832 -144 832 0
w -144 832 -144 32 0
w 96 864 -48 864 0
w -32 608 96 608 0
w 96 352 -16 352 0
w 96 96 0 96 0
L -16 -320 -16 -352 2 1 false 5 0
L -32 -320 -32 -352 2 0 false 5 0
L -64 -320 -64 -352 2 0 false 5 0
w 560 976 560 1056 0
w 560 80 592 80 0
w 256 80 560 80 0
154 128 80 256 80 0 2 0 5
w 96 96 128 96 0
w 112 160 64 160 0
w 64 160 64 64 0
w 64 64 128 64 0
L -48 -320 -48 -352 2 1 false 5 0
w 112 192 96 192 0
w 96 192 96 96 0
150 112 176 256 176 0 2 5 5
w 560 720 560 784 0
w 560 784 256 784 0
154 128 848 256 848 0 2 5 5
154 320 832 448 832 0 2 5 5
w 256 848 288 848 0
w 288 848 320 848 0
w 304 976 288 976 0
w 320 816 256 816 0
w 256 816 256 784 0
w 256 1008 256 816 0
w 256 944 432 944 0
w 96 864 128 864 0
w 112 928 64 928 0
w 64 928 64 832 0
w 64 832 128 832 0
w 112 960 96 960 0
w 96 960 96 864 0
w 432 944 432 960 0
w 304 1008 256 1008 0
w 288 976 288 848 0
w 448 832 560 832 0
w 560 832 592 832 0
150 112 944 256 944 0 2 0 5
150 304 992 432 992 0 2 0 5
152 432 976 560 976 0 2 0 5
152 432 720 560 720 0 2 0 5
150 304 736 432 736 0 2 0 5
150 112 688 256 688 0 2 0 5
w 560 576 592 576 0
w 448 576 560 576 0
w 288 720 288 592 0
w 304 752 256 752 0
w 432 688 432 704 0
w 96 704 96 608 0
w 112 704 96 704 0
w 64 576 128 576 0
w 64 672 64 576 0
w 112 672 64 672 0
w 96 608 128 608 0
w 256 688 432 688 0
w 256 752 256 560 0
w 256 560 256 528 0
w 320 560 256 560 0
w 304 720 288 720 0
w 288 592 320 592 0
w 256 592 288 592 0
154 320 576 448 576 0 2 5 5
154 128 592 256 592 0 2 0 5
w 560 528 256 528 0
w 560 464 560 528 0
154 128 336 256 336 0 2 5 5
154 320 320 448 320 0 2 0 5
w 256 336 288 336 0
w 288 336 320 336 0
w 304 464 288 464 0
w 320 304 256 304 0
w 256 304 256 288 0
w 256 288 256 176 0
w 256 496 256 304 0
w 256 432 432 432 0
w 96 352 128 352 0
w 112 416 64 416 0
w 64 416 64 320 0
w 64 320 128 320 0
w 112 448 96 448 0
w 96 448 96 352 0
w 432 432 432 448 0
w 304 496 256 496 0
w 288 464 288 336 0
w 448 320 560 320 0
w 560 320 592 320 0
150 112 432 256 432 0 2 0 5
150 304 480 432 480 0 2 5 5
152 432 464 560 464 0 2 5 5
L -80 -320 -80 -352 2 0 false 5 0
I -16 -320 -464 -320 0 0.5 5
I -32 -272 -448 -272 0 0.5 5
I -48 -224 -432 -224 0 0.5 5
I -64 -176 -416 -176 0 0.5 5
I -80 -128 -400 -128 0 0.5 5
w -80 -320 -80 -128 0
w -64 -320 -64 -176 0
w -48 -320 -48 -224 0
w -32 -320 -32 -272 0
M -496 1328 -624 1328 2 2.5
w -496 1232 -496 1328 0
w -624 1216 -624 1200 0
152 -624 1232 -496 1232 0 2 0 5
w -656 1248 -624 1248 0
w -624 1184 -624 1200 0
w -656 1040 -448 1040 0
w -816 1264 -784 1264 0
150 -784 1248 -656 1248 0 2 0 5
w -816 1248 -816 1264 0
w -784 1056 -784 1232 0
w -816 1024 -816 1248 0
w -784 1024 -816 1024 0
w -816 992 -816 1024 0
154 -784 1040 -656 1040 0 2 5 5
w -512 992 -816 992 0
w -848 1184 -624 1184 0
w -1024 1168 -960 1168 0
w -1024 1040 -1024 1168 0
w -976 1200 -960 1200 0
w -976 1072 -976 1200 0
w -1024 1072 -976 1072 0
w -1280 1040 -1024 1040 0
w -1136 1072 -1024 1072 0
150 -960 1184 -848 1184 0 2 0 5
154 -1024 1056 -784 1056 0 2 5 5
w -1280 -16 -1280 1040 0
L -1280 -16 -1280 -48 2 0 false 5 0
w -432 768 -480 768 0
w -416 512 -480 512 0
w -400 256 -480 256 0
w -480 16 -384 16 0
L -1200 -32 -1200 -64 2 0 false 5 0
L -1216 -32 -1216 -64 2 0 false 5 0
L -1184 -32 -1184 -64 2 0 false 5 0
L -1168 -32 -1168 -64 2 1 false 5 0
w -1008 0 -1168 0 0
w -1168 0 -1168 -32 0
w -1008 256 -1184 256 0
w -1184 256 -1184 -32 0
w -1200 -32 -1200 512 0
w -1200 512 -1008 512 0
w -1008 768 -1216 768 0
w -1216 768 -1216 -32 0
w -1120 800 -1120 -32 0
w -976 800 -1120 800 0
w -1104 544 -976 544 0
w -1104 -32 -1104 544 0
w -1088 288 -1088 -32 0
w -976 288 -1088 288 0
w -1072 32 -1072 -32 0
w -976 32 -1072 32 0
w -512 912 -512 992 0
w -512 16 -480 16 0
w -816 16 -512 16 0
154 -944 16 -816 16 0 2 5 5
w -976 32 -944 32 0
w -960 96 -1008 96 0
w -1008 96 -1008 0 0
w -1008 0 -944 0 0
w -960 128 -976 128 0
w -976 128 -976 32 0
150 -960 112 -816 112 0 2 0 5
w -512 656 -512 720 0
w -512 720 -816 720 0
154 -944 784 -816 784 0 2 5 5
154 -752 768 -624 768 0 2 5 5
w -816 784 -784 784 0
w -784 784 -752 784 0
w -768 912 -784 912 0
w -752 752 -816 752 0
w -816 752 -816 720 0
w -816 944 -816 752 0
w -816 880 -640 880 0
w -976 800 -944 800 0
w -960 864 -1008 864 0
w -1008 864 -1008 768 0
w -1008 768 -944 768 0
w -960 896 -976 896 0
w -976 896 -976 800 0
w -640 880 -640 896 0
w -768 944 -816 944 0
w -784 912 -784 784 0
w -624 768 -512 768 0
w -512 768 -480 768 0
150 -960 880 -816 880 0 2 0 5
150 -768 928 -640 928 0 2 0 5
152 -640 912 -512 912 0 2 0 5
152 -640 656 -512 656 0 2 0 5
150 -768 672 -640 672 0 2 0 5
150 -960 624 -816 624 0 2 0 5
w -512 512 -480 512 0
w -624 512 -512 512 0
w -784 656 -784 528 0
w -768 688 -816 688 0
w -640 624 -640 640 0
w -976 640 -976 544 0
w -960 640 -976 640 0
w -1008 512 -944 512 0
w -1008 608 -1008 512 0
w -960 608 -1008 608 0
w -976 544 -944 544 0
w -816 624 -640 624 0
w -816 688 -816 496 0
w -816 496 -816 464 0
w -752 496 -816 496 0
w -768 656 -784 656 0
w -784 528 -752 528 0
w -816 528 -784 528 0
154 -752 512 -624 512 0 2 0 5
154 -944 528 -816 528 0 2 0 5
w -512 464 -816 464 0
w -512 400 -512 464 0
154 -944 272 -816 272 0 2 5 5
154 -752 256 -624 256 0 2 5 5
w -816 272 -784 272 0
w -784 272 -752 272 0
w -768 400 -784 400 0
w -752 240 -816 240 0
w -816 240 -816 224 0
w -816 224 -816 112 0
w -816 432 -816 240 0
w -816 368 -640 368 0
w -976 288 -944 288 0
w -960 352 -1008 352 0
w -1008 352 -1008 256 0
w -1008 256 -944 256 0
w -960 384 -976 384 0
w -976 384 -976 288 0
w -640 368 -640 384 0
w -768 432 -816 432 0
w -784 400 -784 272 0
w -624 256 -512 256 0
w -512 256 -480 256 0
150 -960 368 -816 368 0 2 0 5
150 -768 416 -640 416 0 2 0 5
152 -640 400 -512 400 0 2 0 5
w -400 -128 -1104 -128 0
w -1104 -128 -1136 -128 0
w -1136 -128 -1136 896 0
w -1136 896 -1136 1072 0
w -416 -176 -1120 -176 0
w -1120 -176 -1120 -32 0
w -1104 -32 -1104 -224 0
w -1104 -224 -432 -224 0
w -448 -272 -1088 -272 0
w -1088 -32 -1088 -272 0
w -1072 -32 -1072 -320 0
w -464 -320 -1072 -320 0
w -384 16 -384 96 0
w -384 96 0 96 0
w -400 256 -400 336 0
w -400 336 -400 352 0
w -400 352 -16 352 0
w -416 512 -416 592 0
w -32 608 -416 608 0
w -416 608 -416 592 0
w -48 864 -432 864 0
w -432 768 -432 848 0
w -432 864 -432 848 0
w -448 1040 -448 1136 0
w -448 1136 -64 1136 0
